

local TeslaHubReborn = Instance.new("Frame")
local TextBox = Instance.new("TextBox")
local Close = Instance.new("ImageButton")
local SupportButton = Instance.new("ImageButton")
local save = Instance.new("ImageButton")
local Run = Instance.new("ImageButton")
local warning = Instance.new("ImageButton")
local TextLabel = Instance.new("TextLabel")
local security = Instance.new("ImageButton")
local OptionsBar = Instance.new("Frame")
local JewlLabel = Instance.new("TextLabel")
local MuseumLabel = Instance.new("TextLabel")
local BankLabel = Instance.new("TextLabel")
local CasinoLabel = Instance.new("TextLabel")
local TextLabel_2 = Instance.new("TextLabel")
local shopping_basket = Instance.new("ImageButton")

--Properties:

TeslaHubReborn.Name = "TeslaHubReborn"
TeslaHubReborn.Parent = game.StarterGui.ScreenGui
TeslaHubReborn.Active = true
TeslaHubReborn.BackgroundColor3 = Color3.fromRGB(45, 45, 45)
TeslaHubReborn.BackgroundTransparency = 0.070
TeslaHubReborn.BorderColor3 = Color3.fromRGB(0, 255, 255)
TeslaHubReborn.Position = UDim2.new(0.397000015, 0, 0.238000005, 0)
TeslaHubReborn.Size = UDim2.new(0, 374, 0, 252)

TextBox.Parent = TeslaHubReborn
TextBox.BackgroundColor3 = Color3.fromRGB(45, 45, 45)
TextBox.BorderColor3 = Color3.fromRGB(0, 0, 0)
TextBox.BorderSizePixel = 0
TextBox.Position = UDim2.new(0.0294117648, 0, 0.166666672, 0)
TextBox.Selectable = false
TextBox.Size = UDim2.new(0, 351, 0, 133)
TextBox.ClearTextOnFocus = false
TextBox.Font = Enum.Font.FredokaOne
TextBox.MultiLine = true
TextBox.Text = ""
TextBox.TextColor3 = Color3.fromRGB(255, 255, 255)
TextBox.TextSize = 25.000
TextBox.TextWrapped = true

Close.Name = "Close"
Close.Parent = TeslaHubReborn
Close.BackgroundTransparency = 1.000
Close.Position = UDim2.new(0.895722032, 0, 0, 0)
Close.Size = UDim2.new(0, 37, 0, 32)
Close.ZIndex = 2
Close.Image = "rbxassetid://3926305904"
Close.ImageRectOffset = Vector2.new(4, 4)
Close.ImageRectSize = Vector2.new(24, 24)
Close.MouseButton1Click:Connect(function(arg)
	TeslaHubReborn:Destroy()
end)
SupportButton.Name = "SupportButton"
SupportButton.Parent = TeslaHubReborn
SupportButton.BackgroundTransparency = 1.000
SupportButton.Position = UDim2.new(0.802139044, 0, 0.0119047621, 0)
SupportButton.Size = UDim2.new(0, 25, 0, 25)
SupportButton.ZIndex = 2
SupportButton.Image = "rbxassetid://3926307971"
SupportButton.ImageRectOffset = Vector2.new(964, 4)
SupportButton.ImageRectSize = Vector2.new(36, 36)

save.Name = "save"
save.Parent = TeslaHubReborn
save.BackgroundTransparency = 1.000
save.Position = UDim2.new(0.676470578, 0, 0.65476191, 0)
save.Size = UDim2.new(0, 119, 0, 81)
save.ZIndex = 2
save.Image = "rbxassetid://6764432408"
save.ImageRectOffset = Vector2.new(100, 100)
save.ImageRectSize = Vector2.new(50, 50)

Run.Name = "Run"
Run.Parent = TeslaHubReborn
Run.BackgroundTransparency = 1.000
Run.Position = UDim2.new(-0.00267379684, 0, 0.65476191, 0)
Run.Size = UDim2.new(0, 135, 0, 87)
Run.ZIndex = 2
Run.Image = "rbxassetid://6764432408"
Run.ImageRectOffset = Vector2.new(100, 400)
Run.ImageRectSize = Vector2.new(50, 50)
Run.MouseButton1Click:Connect(function(arg)
	_G.autorobcheck = arg
end)
warning.Name = "warning"
warning.Parent = TeslaHubReborn
warning.BackgroundTransparency = 1.000
warning.Position = UDim2.new(0.395721912, 0, 0.440476179, 0)
warning.Size = UDim2.new(0, 75, 0, 54)
warning.Visible = false
warning.ZIndex = 2
warning.Image = "rbxassetid://3926305904"
warning.ImageColor3 = Color3.fromRGB(255, 0, 0)
warning.ImageRectOffset = Vector2.new(364, 324)
warning.ImageRectSize = Vector2.new(36, 36)

TextLabel.Parent = TeslaHubReborn
TextLabel.BackgroundColor3 = Color3.fromRGB(45, 45, 45)
TextLabel.BackgroundTransparency = 1.000
TextLabel.BorderColor3 = Color3.fromRGB(0, 0, 0)
TextLabel.BorderSizePixel = 0
TextLabel.Position = UDim2.new(0.259358287, 0, 0.00793650839, 0)
TextLabel.Size = UDim2.new(0, 180, 0, 28)
TextLabel.Font = Enum.Font.Bangers
TextLabel.Text = "Explosive Menu"
TextLabel.TextColor3 = Color3.fromRGB(255, 255, 255)
TextLabel.TextSize = 30.000

security.Name = "security"
security.Parent = TeslaHubReborn
security.BackgroundTransparency = 1.000
security.Position = UDim2.new(0.114973262, 0, 0.0119047621, 0)
security.Size = UDim2.new(0, 25, 0, 25)
security.ZIndex = 2
security.Image = "rbxassetid://3926307971"
security.ImageRectOffset = Vector2.new(164, 284)
security.ImageRectSize = Vector2.new(36, 36)

OptionsBar.Name = "OptionsBar"
OptionsBar.Parent = TeslaHubReborn
OptionsBar.BackgroundColor3 = Color3.fromRGB(45, 45, 45)
OptionsBar.BorderColor3 = Color3.fromRGB(0, 255, 255)
OptionsBar.Position = UDim2.new(-0.0267379675, 0, 0, 0)
OptionsBar.Selectable = true
OptionsBar.Size = UDim2.new(0, -120, 0, 251)

JewlLabel.Name = "JewlLabel"
JewlLabel.Parent = OptionsBar
JewlLabel.BackgroundColor3 = Color3.fromRGB(45, 45, 45)
JewlLabel.BorderColor3 = Color3.fromRGB(0, 0, 0)
JewlLabel.BorderSizePixel = 0
JewlLabel.Position = UDim2.new(0.0849056616, 0, 0.25, 0)
JewlLabel.Size = UDim2.new(0, 96, 0, 27)
JewlLabel.Font = Enum.Font.LuckiestGuy
JewlLabel.Text = "Jewelry"
JewlLabel.TextColor3 = Color3.fromRGB(255, 255, 255)
JewlLabel.TextSize = 25.000

MuseumLabel.Name = "MuseumLabel"
MuseumLabel.Parent = OptionsBar
MuseumLabel.BackgroundColor3 = Color3.fromRGB(45, 45, 45)
MuseumLabel.BorderColor3 = Color3.fromRGB(0, 0, 0)
MuseumLabel.BorderSizePixel = 0
MuseumLabel.Position = UDim2.new(0.0754716992, 0, 0.428571433, 0)
MuseumLabel.Size = UDim2.new(0, 96, 0, 27)
MuseumLabel.Font = Enum.Font.LuckiestGuy
MuseumLabel.Text = "Museum"
MuseumLabel.TextColor3 = Color3.fromRGB(255, 255, 255)
MuseumLabel.TextSize = 20.000

BankLabel.Name = "BankLabel"
BankLabel.Parent = OptionsBar
BankLabel.BackgroundColor3 = Color3.fromRGB(45, 45, 45)
BankLabel.BorderColor3 = Color3.fromRGB(0, 0, 0)
BankLabel.BorderSizePixel = 0
BankLabel.Position = UDim2.new(0.0754716992, 0, 0.547619045, 0)
BankLabel.Size = UDim2.new(0, 96, 0, 27)
BankLabel.Font = Enum.Font.LuckiestGuy
BankLabel.Text = "Bank"
BankLabel.TextColor3 = Color3.fromRGB(255, 255, 255)
BankLabel.TextSize = 20.000

CasinoLabel.Name = "CasinoLabel"
CasinoLabel.Parent = OptionsBar
CasinoLabel.BackgroundColor3 = Color3.fromRGB(45, 45, 45)
CasinoLabel.BorderColor3 = Color3.fromRGB(0, 0, 0)
CasinoLabel.BorderSizePixel = 0
CasinoLabel.Position = UDim2.new(0.0754716992, 0, 0.65476191, 0)
CasinoLabel.Size = UDim2.new(0, 96, 0, 27)
CasinoLabel.Font = Enum.Font.LuckiestGuy
CasinoLabel.Text = "Casino"
CasinoLabel.TextColor3 = Color3.fromRGB(255, 255, 255)
CasinoLabel.TextSize = 20.000

TextLabel_2.Parent = TeslaHubReborn
TextLabel_2.BackgroundColor3 = Color3.fromRGB(45, 45, 45)
TextLabel_2.BackgroundTransparency = 1.000
TextLabel_2.BorderColor3 = Color3.fromRGB(0, 0, 0)
TextLabel_2.BorderSizePixel = 0
TextLabel_2.Position = UDim2.new(-0.344919801, 0, 0.00793650839, 0)
TextLabel_2.Size = UDim2.new(0, 119, 0, 28)
TextLabel_2.Font = Enum.Font.Bangers
TextLabel_2.Text = "status"
TextLabel_2.TextColor3 = Color3.fromRGB(255, 255, 255)
TextLabel_2.TextSize = 30.000

shopping_basket.Name = "shopping_basket"
shopping_basket.Parent = TeslaHubReborn
shopping_basket.BackgroundTransparency = 1.000
shopping_basket.Position = UDim2.new(0.0267647319, 0, 0.00406350009, 0)
shopping_basket.Size = UDim2.new(0, 25, 0, 25)
shopping_basket.ZIndex = 2
shopping_basket.Image = "rbxassetid://3926307971"
shopping_basket.ImageRectOffset = Vector2.new(924, 204)
shopping_basket.ImageRectSize = Vector2.new(36, 36)

_G.BankRobbed = nil
_G.JewRobbed = nil
_G.MusRobbed = nil
_G.TrainRobbed = nil
spawn(function()
	while wait(2) do
		if workspace.Banks:GetChildren()[1].Extra.Sign.Decal.Transparency == 0 then
			_G.BankRobbed = false
		end
		if workspace.Jewelrys:GetChildren()[1].Extra.Sign.Decal.Transparency == 0 then
			_G.JewRobbed = false
		end
		for i,v in pairs(workspace.Museum.Roof.Hole:GetChildren()) do
			if v:GetChildren()[1] then
				if v.Transparency == 0 then
					_G.MusRobbed = false
				end
			end
			if not workspace.Trains:GetChildren()[1] then
				_G.TrainRobbed = false
			end
		end
	end
end)


_G.AutoRobbing = nil
local notificationcreate = sendn
function JewBox()
	for i,v in pairs(workspace.Jewelrys:GetDescendants()) do
		if v.Name == "Boxes" then
			local part = v:GetChildren()[math.random(1,table.maxn(v:GetChildren()))]
			local pos = CFrame.new(part.Position - part.CFrame.LookVector * 2, part.Position)
			return pos
		end
	end
end
function JewlRobbing()
	if _G.AutoRobbing or _G.JewRobbed then return end
	_G.AutoRobbing = true
	for i,v in pairs(game.Workspace.Jewelrys:GetDescendants()) do
		if v:IsA("Decal") then
			if v.Parent.Name == "Sign" then
				if v.Transparency > 0.5 then
					notificationcreate('Jewelry', 'Open', 3)
					TP(CFrame.new(91.6347504, 20.2128963, 1302.44189, 0.164838046, 0.0733769536, -0.983587563, 0.0025376468, 0.997194052, 0.0748172998, 0.986317396, -0.0148287192, 0.164189309))
					wait(2)
					for count = 1, 4 do
						TP(JewBox())
						wait(0.5)
						punch(8)
						wait(0.5)
					end
					wait(2)
					TP(CFrame.new(1730.87537, 20.45331, -1727.92773, -0.147335127, -0.224534824, 0.963263392, 0.00532062072, 0.973697841, 0.227780879, -0.989072263, 0.0386852883, -0.142265216))
					TP(CFrame.new(1730.87537, 20.45331, -1727.92773, -0.147335127, -0.224534824, 0.963263392, 0.00532062072, 0.973697841, 0.227780879, -0.989072263, 0.0386852883, -0.142265216))
					_G.JewRobbed = true
					_G.AutoRobbing = false
				elseif v.Transparency == 0 then
					notificationcreate('Jewelry', 'Closed', 3)
					TP(CFrame.new(1730.87537, 20.45331, -1727.92773, -0.147335127, -0.224534824, 0.963263392, 0.00532062072, 0.973697841, 0.227780879, -0.989072263, 0.0386852883, -0.142265216))
					_G.AutoRobbing = false
				end
			end
		end
	end
end
local function GetMoneyCapacity(a)local b=tostring(a)or a.Text;local c=b:sub(4,10)local d=c:gsub(",","")local e=tonumber(d)return e end
function getNumber(pretty)
	local lol = ''
	for i = 1, pretty:len() do
		local char = pretty:sub(i, i)
		if char:match('%d') then
			lol = lol .. char
		end
	end
	return tonumber(lol)
end
function BankRobing()
	if _G.AutoRobbing or _G.BankRobbed then return end
	_G.AutoRobbing = true
	for i,v in pairs(game.Workspace.Banks:GetDescendants()) do
		if v:IsA("Decal") then
			if v.Parent.Name == "Sign" then
				if v.Transparency > 0.5 then
					game:GetService("Players").LocalPlayer.PlayerGui.MainGui.CollectMoney.Money.Text = ""
					notificationcreate('Bank', 'Open', 3)
					TP(CFrame.new(30.8057957, 20.307003, 854.226563, -0.00389732886, 0.172487527, -0.98500371, -0.00170719274, 0.985008895, 0.172495201, 0.999990761, 0.00235385355, -0.00354445633))
					for i,v in pairs(game:GetService("Workspace").Banks:GetDescendants()) do
						if v:IsA("Part") then
							if v.Name == "TriggerDoor" then
								TP(v.Parent.Begin.CFrame + Vector3.new(0,5,0))
								wait(1)
								TP(v.CFrame + Vector3.new(0,5,0))
							end
						end
					end
					wait(2)
					for i,v in pairs(game:GetService("Workspace").Banks:GetDescendants()) do
						if v:IsA("Part") then
							if v.Name == "Money" then
								TP(v.CFrame + Vector3.new(0,5,0))
							end
						end
					end
					wait(5)
					repeat wait(0.5)
					until getNumber(game:GetService("Players").LocalPlayer.PlayerGui.MainGui.CollectMoney.Money.Text) == GetMoneyCapacity(game:GetService("Players").LocalPlayer.PlayerGui.MainGui.CollectMoney.Maximum.Text)
					TP(CFrame.new(1761.20618, 52.1366386, -1790.52783, -0.608304322, 0.063044101, -0.791196227, 0.018261876, 0.997688293, 0.0654573366, 0.793493927, 0.0253692511, -0.608049333))
					wait(2)
					TP(CFrame.new(1730.87537, 20.45331, -1727.92773, -0.147335127, -0.224534824, 0.963263392, 0.00532062072, 0.973697841, 0.227780879, -0.989072263, 0.0386852883, -0.142265216))
					TP(CFrame.new(1730.87537, 20.45331, -1727.92773, -0.147335127, -0.224534824, 0.963263392, 0.00532062072, 0.973697841, 0.227780879, -0.989072263, 0.0386852883, -0.142265216))
					_G.BankRobbed = true
					_G.AutoRobbing = false
				elseif v.Transparency == 0 then
					notificationcreate('Bank', 'Closed', 3)
					TP(CFrame.new(1730.87537, 20.45331, -1727.92773, -0.147335127, -0.224534824, 0.963263392, 0.00532062072, 0.973697841, 0.227780879, -0.989072263, 0.0386852883, -0.142265216))
					_G.AutoRobbing = false
				end
			end
		end
	end
end
function checkmuseum()
	for i,v in pairs(workspace.Museum.Roof.Hole:GetChildren()) do
		if v:GetChildren()[1] then
			if v.Transparency == 0 then
				return false
			else
				return true
			end
		end
	end
end
function robmuseum()
	if _G.AutoRobbing or _G.MusRobbed then return end
	_G.AutoRobbing = true
	if not checkmuseum() then
		for i,v in pairs(require(game:GetService('ReplicatedStorage').Module.UI).CircleAction.Specs) do
			if v.Name == "Place Dynamite" and tostring(v.Tag) ~= "BankDoor" and v.Enabled then
				v:Callback(true)
			end
		end
	end
	wait(1)
	if not checkmuseum() then 
		notificationcreate('Museum', 'Closed', 3)
		_G.AutoRobbing = false
		TP(CFrame.new(1730.87537, 20.45331, -1727.92773))
		return 
	end
	for i,v in pairs(require(game:GetService('ReplicatedStorage').Module.UI).CircleAction.Specs) do
		if rawget(v, "Name") then
			if string.find(v.Name, "Grab") and v.Name ~= "Grab" then
				if v.Name == "Grab Bone" and v.Enabled then
					TP(v.Tag.CFrame)
					wait(1)
					for count = 1,8 do
						v:Callback(true)
					end
					break
				end
			end
		end
	end
	TP(CFrame.new(1730.87537, 20.45331, -1727.92773))  
	notificationcreate('Museum', 'bypassing', 5)
	wait(20)
	TP(CFrame.new(1761.20618, 52.1366386, -1790.52783))
	wait(2)
	TP(CFrame.new(1730.87537, 20.45331, -1727.92773))
	_G.MusRobbed = true
	_G.AutoRobbing = false
	return
end
function CheckPlane()
	for i,v in pairs(workspace:GetChildren()) do
		if v.Name == "Plane" and v.Root then
			if v.Crates.Crate1["1"].Transparency == 0 then
				return v.Crates:GetChildren()[math.random(1,table.maxn(v.Crates:GetChildren()))]
			else
				return false
			end
		end
	end
end
function RobPlane()
	if _G.AutoRobbing then return end
	_G.AutoRobbing = true
	if CheckPlane() then
		TP(CheckPlane()["1"].CFrame)
		wait(0.5)
		for i,v in pairs(require(game:GetService('ReplicatedStorage').Module.UI).CircleAction.Specs) do
			if v.Name == "Inspect Crate" then
				v:Callback(v, true)
			end
		end
		wait(1)
		TP(CFrame.new(-451.725647, 78.4250259, 2056.63135))
		wait(4)
		TP(CFrame.new(-393.667542, 21.2136765, 2025.38611))
		wait(1.5)
		TP(CFrame.new(1730.87537, 20.45331, -1727.92773))
		_G.PlaneRobbed = true
		_G.AutoRobbing = false
	else
		_G.AutoRobbing = false
		sendn("Plane", "Closed", 2)
	end
end
function CheckTrainType()
	for i,v in pairs(workspace.Trains:GetChildren()) do
		if v.Name == "BoxCar" then
			return v.Model.Rob
		elseif v.Name == "SteamEngine" then
			return "Passenger"
		end
	end
end
_G.disabletrain = true
function RobTrain()
	if _G.AutoRobbing or _G.TrainRobbed then return end
	_G.AutoRobbing = true
	if CheckTrainType() then
		if tostring(CheckTrainType()) == "Passenger" then
			for i,v in pairs(require(game:GetService('ReplicatedStorage').Module.UI).CircleAction.Specs) do
				if v.Name == "Grab briefcase" then
					v:Callback(true)
					wait(1)
				end
			end
			TP(CFrame.new(1761.20618, 52.1366386, -1790.52783))
			wait(2)
			TP(CFrame.new(1730.87537, 20.45331, -1727.92773))
			_G.TrainRobbed = true
			_G.AutoRobbing = false
		else
			if _G.disabletrain then 
				_G.AutoRobbing = false
				return 
			end
			game:GetService("Players").LocalPlayer.PlayerGui.MainGui.CollectMoney.Money.Text = ""
			for i,v in pairs(require(game:GetService('ReplicatedStorage').Module.UI).CircleAction.Specs) do
				if v.Name == "Open Door" or v.Name == "Breach Vault" then
					v:Callback(true)
				end
			end
			repeat wait()
				TP(CheckTrainType().Gold.CFrame + Vector3.new(0,0.1,0))
			until getNumber(game:GetService("Players").LocalPlayer.PlayerGui.MainGui.CollectMoney.Money.Text) == GetMoneyCapacity(game:GetService("Players").LocalPlayer.PlayerGui.MainGui.CollectMoney.Maximum.Text)
			wait()
			TP(CFrame.new(1730.87537, 20.45331, -1727.92773))
			wait()
			_G.TrainRobbed = true
			_G.AutoRobbing = false
		end
	else
		sendn("Train", "Closed", 2)
		_G.AutoRobbing = false
		return false
	end
end
